   163.1250      -75.93750     1
   331.8750      -75.93750     1
   45.00000      -70.31250     1
   50.62500      -70.31250     1
   78.75000      -70.31250     1
   112.5000      -70.31250     1
   303.7500      -64.68750     1
   39.37500      -53.43750     1
   67.50000      -53.43750     1
   157.5000      -53.43750     1
   168.7500      -53.43750     1
   286.8750      -53.43750     1
   303.7500      -53.43750     1
   95.62500      -47.81250     1
   168.7500      -47.81250     1
   219.3750      -47.81250     1
   292.5000      -47.81250     1
   348.7500      -47.81250     1
   146.2500      -42.18750     1
   174.3750      -42.18750     1
   286.8750      -42.18750     1
   292.5000      -42.18750     1
   16.87500      -36.56250     1
   22.50000      -36.56250     1
   112.5000      -36.56250     1
   135.0000      -36.56250     1
   292.5000      -36.56250     1
   298.1250      -36.56250     1
   22.50000      -30.93750     1
   28.12500      -30.93750     1
   146.2500      -30.93750     1
   180.0000      -30.93750     1
   286.8750      -30.93750     1
   292.5000      -30.93750     1
   303.7500      -30.93750     1
   16.87500      -25.31250     1
   135.0000      -25.31250     1
   236.2500      -25.31250     1
   292.5000      -25.31250     1
   309.3750      -25.31250     1
   11.25000      -19.68750     1
   28.12500      -19.68750     1
   129.3750      -19.68750     1
   174.3750      -19.68750     1
   292.5000      -19.68750     1
   303.7500      -19.68750     1
   309.3750      -19.68750     1
   73.12500      -14.06250     1
   202.5000      -14.06250     1
   303.7500      -14.06250     1
   348.7500      -14.06250     1
   61.87500      -8.437500     1
   298.1250      -8.437500     1
   326.2500      -8.437500     1
   101.2500      -2.812500     1
   112.5000      -2.812500     1
   309.3750      -2.812500     1
  0.0000000E+00   2.812500     1
   101.2500       2.812500     1
   112.5000       2.812500     1
   281.2500       2.812500     1
   286.8750       2.812500     1
   33.75000       8.437500     1
   78.75000       8.437500     1
   90.00000       8.437500     1
   146.2500       8.437500     1
   292.5000       8.437500     1
  0.0000000E+00   14.06250     1
   39.37500       14.06250     1
   73.12500       14.06250     1
   78.75000       14.06250     1
   101.2500       14.06250     1
   106.8750       14.06250     1
   118.1250       14.06250     1
   168.7500       14.06250     1
   180.0000       14.06250     1
   258.7500       14.06250     1
   275.6250       14.06250     1
   286.8750       14.06250     1
   343.1250       14.06250     1
   354.3750       14.06250     1
   33.75000       19.68750     1
   45.00000       19.68750     1
   56.25000       19.68750     1
   67.50000       19.68750     1
   78.75000       19.68750     1
   84.37500       19.68750     1
   90.00000       19.68750     1
   101.2500       19.68750     1
   106.8750       19.68750     1
   118.1250       19.68750     1
   135.0000       19.68750     1
   157.5000       19.68750     1
   202.5000       19.68750     1
   258.7500       19.68750     1
   348.7500       19.68750     1
  0.0000000E+00   25.31250     1
   5.625000       25.31250     1
   11.25000       25.31250     1
   33.75000       25.31250     1
   45.00000       25.31250     1
   67.50000       25.31250     1
   73.12500       25.31250     1
   78.75000       25.31250     1
   90.00000       25.31250     1
   95.62500       25.31250     1
   101.2500       25.31250     1
   112.5000       25.31250     1
   118.1250       25.31250     1
   129.3750       25.31250     1
   140.6250       25.31250     1
   180.0000       25.31250     1
   253.1250       25.31250     1
   258.7500       25.31250     1
   281.2500       25.31250     1
   343.1250       25.31250     1
   348.7500       25.31250     1
   39.37500       30.93750     1
   73.12500       30.93750     1
   90.00000       30.93750     1
   95.62500       30.93750     1
   101.2500       30.93750     1
   112.5000       30.93750     1
   123.7500       30.93750     1
   129.3750       30.93750     1
   241.8750       30.93750     1
   247.5000       30.93750     1
   258.7500       30.93750     1
   264.3750       30.93750     1
   275.6250       30.93750     1
   281.2500       30.93750     1
   292.5000       30.93750     1
   337.5000       30.93750     1
   354.3750       30.93750     1
  0.0000000E+00   36.56250     1
   5.625000       36.56250     1
   22.50000       36.56250     1
   33.75000       36.56250     1
   45.00000       36.56250     1
   50.62500       36.56250     1
   56.25000       36.56250     1
   67.50000       36.56250     1
   78.75000       36.56250     1
   84.37500       36.56250     1
   90.00000       36.56250     1
   101.2500       36.56250     1
   106.8750       36.56250     1
   112.5000       36.56250     1
   118.1250       36.56250     1
   123.7500       36.56250     1
   135.0000       36.56250     1
   140.6250       36.56250     1
   236.2500       36.56250     1
   247.5000       36.56250     1
   253.1250       36.56250     1
   258.7500       36.56250     1
   270.0000       36.56250     1
   275.6250       36.56250     1
   281.2500       36.56250     1
   348.7500       36.56250     1
  0.0000000E+00   42.18750     1
   5.625000       42.18750     1
   11.25000       42.18750     1
   22.50000       42.18750     1
   28.12500       42.18750     1
   33.75000       42.18750     1
   45.00000       42.18750     1
   50.62500       42.18750     1
   56.25000       42.18750     1
   67.50000       42.18750     1
   73.12500       42.18750     1
   84.37500       42.18750     1
   101.2500       42.18750     1
   106.8750       42.18750     1
   112.5000       42.18750     1
   118.1250       42.18750     1
   123.7500       42.18750     1
   129.3750       42.18750     1
   140.6250       42.18750     1
   180.0000       42.18750     1
   236.2500       42.18750     1
   247.5000       42.18750     1
   253.1250       42.18750     1
   258.7500       42.18750     1
   270.0000       42.18750     1
   275.6250       42.18750     1
   281.2500       42.18750     1
   286.8750       42.18750     1
   348.7500       42.18750     1
  0.0000000E+00   47.81250     1
   11.25000       47.81250     1
   16.87500       47.81250     1
   22.50000       47.81250     1
   33.75000       47.81250     1
   39.37500       47.81250     1
   45.00000       47.81250     1
   50.62500       47.81250     1
   61.87500       47.81250     1
   67.50000       47.81250     1
   78.75000       47.81250     1
   90.00000       47.81250     1
   101.2500       47.81250     1
   112.5000       47.81250     1
   118.1250       47.81250     1
   123.7500       47.81250     1
   135.0000       47.81250     1
   140.6250       47.81250     1
   230.6250       47.81250     1
   236.2500       47.81250     1
   241.8750       47.81250     1
   247.5000       47.81250     1
   258.7500       47.81250     1
   264.3750       47.81250     1
   275.6250       47.81250     1
   281.2500       47.81250     1
   286.8750       47.81250     1
   292.5000       47.81250     1
   298.1250       47.81250     1
   343.1250       47.81250     1
   348.7500       47.81250     1
   354.3750       47.81250     1
  0.0000000E+00   53.43750     1
   5.625000       53.43750     1
   11.25000       53.43750     1
   16.87500       53.43750     1
   22.50000       53.43750     1
   33.75000       53.43750     1
   45.00000       53.43750     1
   56.25000       53.43750     1
   67.50000       53.43750     1
   90.00000       53.43750     1
   101.2500       53.43750     1
   118.1250       53.43750     1
   135.0000       53.43750     1
   157.5000       53.43750     1
   225.0000       53.43750     1
   236.2500       53.43750     1
   247.5000       53.43750     1
   258.7500       53.43750     1
   275.6250       53.43750     1
   292.5000       53.43750     1
   348.7500       53.43750     1
   354.3750       53.43750     1
  0.0000000E+00   59.06250     1
   11.25000       59.06250     1
   22.50000       59.06250     1
   28.12500       59.06250     1
   33.75000       59.06250     1
   45.00000       59.06250     1
   56.25000       59.06250     1
   61.87500       59.06250     1
   67.50000       59.06250     1
   78.75000       59.06250     1
   84.37500       59.06250     1
   95.62500       59.06250     1
   101.2500       59.06250     1
   112.5000       59.06250     1
   118.1250       59.06250     1
   123.7500       59.06250     1
   135.0000       59.06250     1
   146.2500       59.06250     1
   163.1250       59.06250     1
   174.3750       59.06250     1
   191.2500       59.06250     1
   196.8750       59.06250     1
   213.7500       59.06250     1
   225.0000       59.06250     1
   230.6250       59.06250     1
   241.8750       59.06250     1
   253.1250       59.06250     1
   264.3750       59.06250     1
   281.2500       59.06250     1
   292.5000       59.06250     1
   315.0000       59.06250     1
   343.1250       59.06250     1
   354.3750       59.06250     1
   11.25000       64.68750     1
   16.87500       64.68750     1
   28.12500       64.68750     1
   39.37500       64.68750     1
   50.62500       64.68750     1
   61.87500       64.68750     1
   78.75000       64.68750     1
   90.00000       64.68750     1
   112.5000       64.68750     1
   123.7500       64.68750     1
   140.6250       64.68750     1
   157.5000       64.68750     1
   168.7500       64.68750     1
   185.6250       64.68750     1
   202.5000       64.68750     1
   213.7500       64.68750     1
   230.6250       64.68750     1
   253.1250       64.68750     1
   281.2500       64.68750     1
   337.5000       64.68750     1
   22.50000       70.31250     1
   33.75000       70.31250     1
   56.25000       70.31250     1
   73.12500       70.31250     1
   95.62500       70.31250     1
   118.1250       70.31250     1
   135.0000       70.31250     1
   163.1250       70.31250     1
   180.0000       70.31250     1
   196.8750       70.31250     1
   219.3750       70.31250     1
   303.7500       70.31250     1
   331.8750       70.31250     1
   348.7500       70.31250     1
  0.0000000E+00   75.93750     1
   50.62500       75.93750     1
   67.50000       75.93750     1
   84.37500       75.93750     1
   101.2500       75.93750     1
   106.8750       75.93750     1
   146.2500       75.93750     1
   264.3750       75.93750     1
   292.5000       81.56250     1
   337.5000       75.93750     1
